### Dados para os exerc cios 1 e 5
### Precipita  o atmosf rica anual (em mm) na cidade de Fortaleza entre 1851 e 1997.
Y <- ts(c(
	1806, 1356, 1233, 1590, 1273, 1770, 1734, 1457, 1357, 1716, 1445, 1468, 1452, 1098, 1238, 2478, 0832, 1289, 1470, 1628, 1459, 2256, 2058, 1487, 1581, 1569,
	0468, 0503, 0597, 1539, 1423, 1246, 1508, 1047, 1307, 1399, 1320, 0736, 0784, 1534, 1077, 1211, 1430, 2505, 2491, 2144, 1839, 0863, 2414, 0940, 1545, 0878,
	0789, 1136, 1189, 1430, 0697, 0834, 1015, 2051, 1373, 2446, 1905, 1512, 0530, 1328, 2077, 1319, 0656, 1847, 2496, 1595, 1513, 1847, 1137, 1571, 1195, 0995,
	1230, 1107, 1133, 0879, 0937, 1888, 1661, 0820, 1313, 1586, 1911, 1447, 0916, 0780, 1042, 1090, 1750, 1724, 1726, 1384, 1881, 1114, 0747, 1378, 1068, 1032,
	1152, 0806, 1225, 0504, 1493, 1011, 1737, 1258, 2102, 2428, 1630, 1288, 1839, 1385, 1805, 1192, 2093, 1299, 2331, 2512, 1778, 1417, 1941, 1752, 0996, 1216,
	1086, 1051, 0955, 2029, 2836, 2457, 1260, 1862, 1863, 0978, 1549, 1089, 1043, 2380, 2144, 1708, 1143), start = 1851, frequency = 1)

### Dados para os exerc cios 2 e 7
### M dia anual da temperatura ( C) global terra-mar entre os anos de 1880 e 2014.
Y <- ts(c(
	13.78, 13.86, 13.83, 13.80, 13.72, 13.74, 13.75, 13.69, 13.80, 13.89, 13.66, 13.73, 13.69, 13.64, 13.68, 13.75, 13.83, 13.82, 13.70, 13.81, 13.87, 13.81,
	13.71, 13.64, 13.57, 13.71, 13.74, 13.59, 13.58, 13.53, 13.55, 13.56, 13.60, 13.62, 13.78, 13.84, 13.64, 13.56, 13.69, 13.71, 13.73, 13.79, 13.71, 13.75,
	13.76, 13.79, 13.92, 13.82, 13.84, 13.69, 13.89, 13.92, 13.89, 13.75, 13.91, 13.85, 13.90, 14.03, 14.05, 14.01, 14.06, 14.07, 14.05, 14.05, 14.13, 14.00,
	13.92, 13.95, 13.89, 13.88, 13.81, 13.93, 14.01, 14.08, 13.88, 13.87, 13.82, 14.03, 14.05, 14.03, 13.96, 14.06, 14.04, 14.08, 13.81, 13.90, 13.96, 13.99,
	13.95, 14.06, 14.04, 13.93, 14.02, 14.16, 13.93, 13.99, 13.88, 14.15, 14.06, 14.12, 14.23, 14.28, 14.09, 14.27, 14.12, 14.08, 14.15, 14.29, 14.36, 14.24,
	14.39, 14.38, 14.19, 14.21, 14.29, 14.43, 14.33, 14.46, 14.62, 14.41, 14.41, 14.53, 14.62, 14.60, 14.52, 14.66, 14.60, 14.63, 14.49, 14.60, 14.67, 14.55,
	14.58, 14.60, 14.68), start = 1880, frequency = 1)
 
### Dados para o exerc cio 3
### Precipita  o atmosf rica mensal (em mm) na cidade de Manaus entre 1961 e 2007.
Y <- ts(c(
	285.9, 332.3, 237.6, 353.0, 327.5, 098.2, 033.0, 006.9, 051.7, 123.0, 145.0, 353.1, 406.1, 399.4, 307.9, 299.0, 260.5, 108.5, 047.3, 034.0, 012.8, 125.4,
	107.6, 132.0, 265.1, 182.2, 239.5, 313.3, 243.3, 122.4, 046.7, 005.4, 045.3, 084.3, 239.6, 184.3, 159.0, 140.3, 426.0, 295.3, 268.1, 125.9, 061.6, 092.6,
	040.7, 135.2, 231.0, 312.2, 169.5, 247.7, 532.5, 284.2, 248.0, 064.2, 045.7, 003.4, 013.6, 138.6, 076.8, 196.0, 273.3, 178.1, 172.9, 292.6, 359.1, 161.6,
	122.2, 110.4, 103.4, 029.5, 318.5, 222.3, 301.6, 249.2, 435.0, 495.4, 204.3, 124.4, 034.2, 002.6, 006.7, 011.2, 131.9, 123.1, 282.2, 182.6, 632.8, 302.6,
	427.3, 128.1, 102.5, 041.9, 242.8, 037.5, 265.8, 195.1, 257.7, 195.4, 386.6, 512.6, 321.8, 096.9, 087.6, 051.4, 026.3, 081.8, 112.4, 181.7, 386.7, 326.2,
	382.9, 403.2, 184.5, 132.0, 068.4, 042.7, 096.2, 098.8, 179.6, 143.4, 287.8, 367.6, 352.4, 418.9, 316.4, 146.4, 036.1, 008.5, 040.5, 182.3, 261.9, 094.3,
	197.7, 381.7, 163.7, 341.2, 166.8, 125.5, 073.7, 045.7, 072.4, 094.2, 073.8, 169.1, 192.7, 274.7, 291.3, 191.7, 439.9, 087.4, 143.3, 108.6, 086.1, 181.8,
	308.7, 220.9, 313.1, 196.9, 247.5, 524.5, 257.8, 172.1, 066.0, 026.7, 068.4, 024.4, 194.9, 285.1, 329.5, 358.7, 396.1, 232.0, 246.3, 097.8, 203.2, 056.6,
	036.4, 055.0, 099.9, 213.6, 294.3, 545.6, 457.4, 211.1, 090.2, 061.7, 032.6, 037.4, 029.5, 123.0, 157.0, 176.3, 196.7, 262.4, 332.1, 266.7, 240.3, 078.4,
	017.4, 042.9, 077.0, 190.8, 084.7, 227.3, 295.4, 203.5, 404.1, 229.4, 268.5, 089.3, 108.5, 050.4, 161.0, 115.6, 045.7, 126.0, 312.0, 086.0, 195.4, 300.2,
	078.8, 065.7, 010.3, 054.0, 083.2, 230.1, 048.7, 154.4, 092.5, 077.7, 217.1, 211.4, 053.8, 079.4, 023.9, 031.2, 031.6, 141.1, 149.7, 190.2, 162.5, 164.9,
	197.1, 229.3, 121.1, 051.5, 034.0, 068.0, 155.1, 047.8, 325.9, 114.7, 299.1, 079.8, 059.5, 134.0, 254.2, 016.8, 030.7, 002.0, 067.7, 004.2, 072.4, 238.3,
	032.6, 107.5, 418.2, 192.4, 171.5, 099.4, 134.1, 035.6, 099.2, 195.8, 069.5, 372.1, 268.0, 341.0, 223.4, 333.3, 271.9, 094.2, 093.0, 062.8, 062.8, 123.2,
	100.4, 148.1, 269.7, 318.1, 280.9, 346.4, 248.0, 150.9, 103.4, 063.1, 065.9, 161.7, 136.9, 391.4, 267.1, 294.9, 304.4, 279.5, 203.6, 102.8, 183.9, 054.0,
	001.6, 214.6, 321.8, 246.9, 291.5, 289.1, 277.6, 291.2, 167.8, 028.2, 020.7, 076.8, 076.8, 046.3, 128.3, 195.2, 269.7, 546.0, 265.6, 254.7, 297.7, 229.1,
	082.3, 035.6, 110.6, 111.5, 226.9, 211.0, 292.0, 417.0, 252.2, 370.8, 555.1, 184.5, 157.5, 015.8, 136.4, 185.6, 326.4, 220.1, 234.0, 190.0, 299.2, 236.4,
	244.6, 108.0, 114.1, 072.3, 022.8, 056.0, 116.9, 167.3, 278.5, 223.8, 309.2, 342.9, 332.2, 137.9, 173.9, 055.4, 039.0, 079.4, 037.9, 137.9, 236.5, 262.7,
	347.8, 218.6, 118.8, 061.0, 090.3, 090.3, 090.0, 087.4, 071.2, 265.6, 436.5, 617.4, 229.3, 370.3, 096.8, 061.5, 034.6, 047.7, 021.9, 099.8, 256.3, 251.3,
	371.1, 399.5, 259.5, 258.7, 174.2, 125.2, 033.0, 096.7, 062.6, 091.8, 207.3, 222.5, 286.0, 132.0, 301.4, 480.5, 217.5, 107.0, 076.9, 034.2, 072.4, 081.0,
	312.0, 160.5, 571.3, 257.6, 338.1, 428.5, 127.5, 185.1, 016.9, 065.0, 114.0, 186.0, 163.0, 142.2, 220.6, 344.5, 534.9, 252.2, 248.0, 009.5, 072.5, 111.5,
	040.5, 060.9, 182.3, 261.5, 302.6, 171.7, 210.8, 407.2, 273.4, 167.2, 092.0, 041.8, 115.6, 073.5, 153.6, 191.0, 411.6, 260.8, 233.2, 421.2, 445.4, 149.3,
	025.3, 040.6, 098.8, 132.3, 203.5, 198.3, 350.2, 344.4, 340.7, 535.4, 172.6, 048.2, 040.8, 140.0, 218.1, 047.2, 169.7, 192.3, 343.4, 219.5, 216.8, 188.2,
	231.6, 164.1, 030.6, 014.9, 088.2, 028.1, 055.0, 213.0, 380.8, 239.9, 195.3, 376.7, 262.9, 159.1, 003.4, 035.4, 060.1, 216.1, 081.2, 311.2, 105.8, 340.9,
	209.2, 390.1, 219.6, 110.7, 093.0, 118.3, 060.9, 096.9, 119.6, 089.9, 179.6, 150.6, 424.2, 227.2, 422.9, 120.2, 059.6, 141.3, 112.0, 066.0, 013.3, 140.0,
	165.7, 331.5, 334.0, 404.8, 225.5, 053.5, 052.4, 016.2, 045.9, 075.2, 211.6, 291.8, 173.3, 364.4, 265.3, 252.1, 382.1, 087.0, 071.6, 016.7, 032.8, 066.0,
	294.0, 317.4, 414.4, 137.7, 336.0, 343.1, 165.3, 100.2, 122.1, 133.3, 071.7, 028.5, 165.0, 325.9), start = 1961, frequency = 12)

### Dados para o exerc cio 4
### PIB per capita do Brasil entre 1901 e 2012 em milhares de US$ de 2013.
Y <- ts(c(
	0.77, 0.74, 0.73, 0.72, 0.72, 0.79, 0.77, 0.72, 0.77, 0.77, 0.79, 0.82, 0.82, 0.78, 0.77, 0.75, 0.81, 0.77, 0.81, 0.90, 0.90, 0.95, 1.02, 1.02, 1.00, 1.04,
	1.14, 1.25, 1.25, 1.21, 1.15, 1.18, 1.27, 1.37, 1.39, 1.54, 1.58, 1.63, 1.64, 1.60, 1.64, 1.57, 1.67, 1.75, 1.77, 1.93, 1.93, 2.06, 2.16, 2.25, 2.29, 2.39,
	2.43, 2.54, 2.68, 2.67, 2.79, 3.00, 3.20, 3.39, 3.58, 3.70, 3.62, 3.63, 3.61, 3.75, 3.80, 4.06, 4.32, 4.65, 5.04, 5.50, 6.11, 6.45, 6.61, 7.12, 7.29, 7.48,
	7.80, 8.32, 7.78, 7.67, 7.29, 7.52, 7.95, 8.37, 8.51, 8.36, 8.48, 7.99, 7.96, 7.83, 8.10, 8.42, 8.67, 8.71, 8.84, 8.66, 8.51, 8.72, 8.69, 8.81, 8.81, 9.22,
	9.42, 9.69, 10.18, 10.58, 10.42, 11.07, 11.27, 11.30), start = 1901, frequency = 1)

### Dados para o exerc cio 6
### Taxa de varia  o anual (em porcentagem) do consumo residencial de energia el trica no Brasil entre 1962 e 2010.
Y <- ts(c(
	7.94, 8.60, 4.98, 6.84, 6.93, 9.35, 11.38, 10.31, 8.05, 9.07, 7.80, 8.42, 9.36, 9.23, 10.13, 13.27, 9.48, 10.61, 9.33, 7.14, 7.56, 8.96, 3.86,
	5.44, 8.77, 6.81, 5.32, 7.21, 9.02, 5.98, 1.45, 3.29, 4.16, 11.99, 7.92, 12.97, 2.40, 2.78, -13.57, -1.21, 4.47, 3.10, 5.55, 3.05, 5.58, 4.92,
	6.09, 5.07, 4.25), start=1962, frequency=1)

### Dados para o exerc cio 8
### N mero de passageiros embarcados em voos regulares dom sticos e internacionais ente 1927 e 2010
Z <- ts(c(
	1000,		3000,		4000,		5000,		5000,		9000,		13000,		18000,		26000,		35000,
	55000,		57000,		63000,		78000,		90000,		106000,		150000,		219000,		263000,		512000,
	787000,		1001000,	1317000,	1715000,	2131000,	2110000,	2611000,	2733000,	2799000,	3365000,
	3754000,	3947000,	3890000,	3972000,	3264000,	3530000,	3266000,	1996082,	1996126,	2742000,
	2896000,	3129000,	3068915,	3236508,	3819690,	4604095,	5713374,	6688913,	7493368,	8520680,
	9206751,	10200812,	11370537,	12440274,	12621772,	13264922,	12610924,	12136226,	13182000,	16285000,
	16144000,	15814000,	17978000,	17049000,	17534580,	14984935,	14950264,	15730452,	16788234,	15890898,
	19421029,	22833767,	20687939,	33989176,	36001448,	35905988,	33424230,	35699877,	44144324,	47739240,
	52122173,	55965930,	62820786,	77221750), start = 1927, frequency = 1)

### Dados para o exerc cio 11
### S rie com tend ncia determin stica
Z <-  c(20.4, 28.6, 25.8, 16.6, 20.1, 20.4, 24.0, 28.5, 25.8, 20.0, 20.4, 25.8, 32.9, 25.2, 28.4, 23.9, 28.0, 28.6, 26.3, 29.1, 36.5, 32.8, 34.9, 29.9, 29.1, 27.1,
	35.3, 38.1, 37.6, 40.9, 35.3, 33.2, 35.4, 32.8, 38.0, 40.6, 43.7, 42.8, 38.6, 33.7, 40.9, 40.7, 38.2, 46.1, 48.9, 41.9, 36.0, 38.0, 46.3, 50.1, 48.7, 49.9,
	44.8, 45.5, 47.4, 53.9, 48.9, 45.2, 41.5, 49.1, 54.7, 56.3, 51.3, 44.5, 48.7, 54.3, 55.1, 55.2, 53.9, 48.6, 51.7, 61.2, 60.3, 60.1, 62.6, 54.8, 54.9, 58.7,
	57.6, 60.7, 63.0, 59.4, 63.5, 59.5, 65.0, 61.6, 65.0, 68.7, 62.0, 65.6, 64.9, 66.1, 65.3, 74.0, 69.8, 64.6, 61.6, 63.9, 71.2, 78.0, 80.4, 73.9, 71.4, 67.8,
	70.7, 68.9, 71.9, 78.0, 77.2, 77.2, 79.0, 72.0, 72.1, 71.6, 82.2, 77.6, 78.7, 76.8, 76.7, 78.4, 83.3, 85.3, 82.5, 78.7, 84.4, 85.1, 82.2, 83.0, 81.2, 85.9,
	81.5, 86.4, 89.5, 81.9, 91.4, 90.7, 88.8, 87.9, 87.2, 94.2, 94.9, 86.8, 83.9, 90.3, 93.0, 97.7, 92.6, 90.0, 91.6, 101.9, 100.5, 90.4, 88.6, 94.0, 101.5,
	104.3, 98.4, 97.3, 100.0, 101.3, 103.6, 101.7, 100.6, 103.0, 99.6, 100.0, 101.3, 102.2, 106.3, 113.1, 109.1, 104.2, 105.3, 106.0, 107.7, 110.1, 108.6, 103.3,
	105.3, 112.4, 109.9, 116.8, 110.5, 111.7, 106.4, 111.4, 118.3, 120.9, 118.3, 109.6, 108.4, 115.9, 120.9, 119.7, 119.9, 113.1, 123.1, 120.6, 119.9, 119.1)